1 2 0 7
1 3 0 22
1 4 0 50
1 5 0 69
1 6 100 16
1 7 100 45
1 8 100 56
1 9 100 43
1 10 100 58
1 11 300 56
2 3 0 17
2 4 0 45
2 5 0 64
2 6 100 2
2 7 100 31
2 8 100 42
2 9 100 29
2 10 100 44
2 11 300 42
3 4 0 31
3 5 0 50
3 7 100 4
3 8 100 15
3 9 100 2
3 10 100 17
3 11 300 15
4 5 0 23
4 8 100 2
4 10 100 4
4 11 300 2
6 4 100 3
6 5 100 16
6 7 0 36
6 8 0 44
6 9 200 2
6 10 200 17
6 11 400 15
7 5 100 3
7 8 0 17
7 10 200 4
7 11 400 2
9 5 100 3
9 8 200 2
9 10 0 23
9 11 200 2
5 12 0 0
8 12 0 0
10 12 0 0
11 12 0 0
